Input Word,Tamil Transliteration,Tamil Meaning
हिन्दी में परिणाम देखें: “हिन्दी वर्ड्स”,ஹிந்தீ மேம் பரிணாம தேகேம்: “ஹிந்தீ வர்ட்ஸ”,"இந்தியில் முடிவுகளைக் காண்க: ""இந்தி சொற்கள்"""
